 $DATA  
Singlete                                                                        
C1       0
LI          3.0      0.0000000000      0.0000000000      0.0000000000
   STO     6
        
LI          3.0      0.0000000000      0.0000000000      2.6500000000
   STO     6
        
 $END      
--- CLOSED SHELL ORBITALS --- GENERATED AT Mon Dec  3 03:43:33 2018
Singlete                                                                        
E(RHF)=      -14.8088200729, E(NUC)=    1.7972057521,    7 ITERS
 $VEC   
 1  1 7.02829496E-01 1.45027113E-02 0.00000000E+00 0.00000000E+00-1.72603560E-03
 1  2 7.02829496E-01 1.45027113E-02 0.00000000E+00 0.00000000E+00 1.72603560E-03
 2  1 7.02512605E-01 2.77612166E-02 0.00000000E+00 0.00000000E+00 6.20574967E-03
 2  2-7.02512605E-01-2.77612166E-02 0.00000000E+00 0.00000000E+00 6.20574967E-03
 3  1-1.89942837E-01 5.64606284E-01 0.00000000E+00 0.00000000E+00 1.03762243E-01
 3  2-1.89942837E-01 5.64606284E-01 0.00000000E+00 0.00000000E+00-1.03762243E-01
 4  1 1.68760916E-01-6.87091702E-01 0.00000000E+00 0.00000000E+00 3.21474417E-01
 4  2-1.68760916E-01 6.87091702E-01 0.00000000E+00 0.00000000E+00 3.21474417E-01
 5  1 0.00000000E+00 0.00000000E+00 2.22761806E-01 5.82390487E-01 0.00000000E+00
 5  2 0.00000000E+00 0.00000000E+00 2.22761806E-01 5.82390487E-01 0.00000000E+00
 6  1 0.00000000E+00 0.00000000E+00 5.82390487E-01-2.22761806E-01 0.00000000E+00
 6  2 0.00000000E+00 0.00000000E+00 5.82390487E-01-2.22761806E-01 0.00000000E+00
 7  1 2.91837338E-02-2.91244440E-01 0.00000000E+00 0.00000000E+00 6.41539374E-01
 7  2 2.91837338E-02-2.91244440E-01 0.00000000E+00 0.00000000E+00-6.41539374E-01
 8  1 0.00000000E+00 0.00000000E+00 8.33681880E-01 7.25109459E-02 0.00000000E+00
 8  2 0.00000000E+00 0.00000000E+00-8.33681880E-01-7.25109459E-02 0.00000000E+00
 9  1 0.00000000E+00 0.00000000E+00 7.25109459E-02-8.33681880E-01 0.00000000E+00
 9  2 0.00000000E+00 0.00000000E+00-7.25109459E-02 8.33681880E-01 0.00000000E+00
10  1 1.21749000E-01-1.26401191E+00 0.00000000E+00 0.00000000E+00-1.21438204E+00
10  2-1.21749000E-01 1.26401191E+00 0.00000000E+00 0.00000000E+00-1.21438204E+00
 $END   
 POPULATION ANALYSIS
LI           3.00000  -0.00000   3.00000  -0.00000
LI           3.00000  -0.00000   3.00000   0.00000
 MOMENTS AT POINT    1 X,Y,Z=  0.000000  0.000000  2.503887
 DIPOLE       0.000000  0.000000  0.000000
- - - NO-S OF CI STATE  1 E=      -14.8368248814 CREATEDMon Dec  3 03:43:33 2018
 $OCCNO 
    2.0000000000    2.0000000000    1.8236979186    0.0543087537    0.0543087537
    0.0484196011    0.0191906021    0.0000718253    0.0000012728    0.0000012728
 $END   
 $VEC   
 1  1 7.02829496E-01 1.45027113E-02 0.00000000E+00 0.00000000E+00-1.72603560E-03
 1  2 7.02829496E-01 1.45027113E-02 0.00000000E+00 0.00000000E+00 1.72603560E-03
 2  1 7.02512605E-01 2.77612166E-02 0.00000000E+00 0.00000000E+00 6.20574967E-03
 2  2-7.02512605E-01-2.77612166E-02 0.00000000E+00 0.00000000E+00 6.20574967E-03
 3  1-1.90960599E-01 5.75834430E-01 0.00000000E+00 0.00000000E+00 7.79449456E-02
 3  2-1.90960599E-01 5.75834430E-01 0.00000000E+00 0.00000000E+00-7.79449456E-02
 4  1 0.00000000E+00 0.00000000E+00 5.33369200E-01 3.22984207E-01 0.00000000E+00
 4  2 0.00000000E+00 0.00000000E+00 5.33369200E-01 3.22984207E-01 0.00000000E+00
 5  1 0.00000000E+00 0.00000000E+00-3.22984207E-01 5.33369200E-01 0.00000000E+00
 5  2 0.00000000E+00 0.00000000E+00-3.22984207E-01 5.33369200E-01 0.00000000E+00
 6  1 2.01365592E-01-1.09766035E+00 0.00000000E+00 0.00000000E+00-1.39392721E-01
 6  2-2.01365592E-01 1.09766035E+00 0.00000000E+00 0.00000000E+00-1.39392721E-01
 7  1 2.15411526E-02-2.68362234E-01 0.00000000E+00 0.00000000E+00 6.45185211E-01
 7  2 2.15411526E-02-2.68362234E-01 0.00000000E+00 0.00000000E+00-6.45185211E-01
 8  1-5.24877534E-02 9.30033803E-01 0.00000000E+00 0.00000000E+00 1.24845473E+00
 8  2 5.24877534E-02-9.30033803E-01 0.00000000E+00 0.00000000E+00 1.24845473E+00
 9  1 0.00000000E+00 0.00000000E+00 7.25109459E-02-8.33681880E-01 0.00000000E+00
 9  2 0.00000000E+00 0.00000000E+00-7.25109459E-02 8.33681880E-01 0.00000000E+00
10  1 0.00000000E+00 0.00000000E+00 8.33681880E-01 7.25109459E-02 0.00000000E+00
10  2 0.00000000E+00 0.00000000E+00-8.33681880E-01-7.25109459E-02 0.00000000E+00
 $END   
 POPULATION ANALYSIS
LI           3.00000  -0.00000   3.00000  -0.00000
LI           3.00000   0.00000   3.00000   0.00000
 MOMENTS AT POINT    1 X,Y,Z=  0.000000  0.000000  2.503887
 DIPOLE       0.000000  0.000000  0.000000
----- TOP OF INPUT FILE FOR BADER'S AIMPAC PROGRAM -----
Singlete                                                                        
GAUSSIAN             10 MOL ORBITALS     60 PRIMITIVES        2 NUCLEI
  LI   1    (CENTRE  1)   0.00000000  0.00000000  0.00000000  CHARGE =  3.0
  LI   2    (CENTRE  2)   0.00000000  0.00000000  5.00777387  CHARGE =  3.0
CENTRE ASSIGNMENTS    1  1  1  1  1  1  1  1  1  1  1  1  1  1  1  1  1  1  1  1
CENTRE ASSIGNMENTS    1  1  1  1  1  1  1  1  1  1  2  2  2  2  2  2  2  2  2  2
CENTRE ASSIGNMENTS    2  2  2  2  2  2  2  2  2  2  2  2  2  2  2  2  2  2  2  2
TYPE ASSIGNMENTS      1  1  1  1  1  1  1  1  1  1  1  1  2  2  2  2  2  2  3  3
TYPE ASSIGNMENTS      3  3  3  3  4  4  4  4  4  4  1  1  1  1  1  1  1  1  1  1
TYPE ASSIGNMENTS      1  1  2  2  2  2  2  2  3  3  3  3  3  3  4  4  4  4  4  4
EXPONENTS  1.6717585E+02 3.0651508E+01 8.5751875E+00 2.9458083E+00 1.1439436E+00
EXPONENTS  4.7113914E-01 6.5975640E+00 1.3058301E+00 4.0585102E-01 1.5614552E-01
EXPONENTS  6.7814104E-02 3.1084166E-02 6.5975640E+00 1.3058301E+00 4.0585102E-01
EXPONENTS  1.5614552E-01 6.7814104E-02 3.1084166E-02 6.5975640E+00 1.3058301E+00
EXPONENTS  4.0585102E-01 1.5614552E-01 6.7814104E-02 3.1084166E-02 6.5975640E+00
EXPONENTS  1.3058301E+00 4.0585102E-01 1.5614552E-01 6.7814104E-02 3.1084166E-02
EXPONENTS  1.6717585E+02 3.0651508E+01 8.5751875E+00 2.9458083E+00 1.1439436E+00
EXPONENTS  4.7113914E-01 6.5975640E+00 1.3058301E+00 4.0585102E-01 1.5614552E-01
EXPONENTS  6.7814104E-02 3.1084166E-02 6.5975640E+00 1.3058301E+00 4.0585102E-01
EXPONENTS  1.5614552E-01 6.7814104E-02 3.1084166E-02 6.5975640E+00 1.3058301E+00
EXPONENTS  4.0585102E-01 1.5614552E-01 6.7814104E-02 3.1084166E-02 6.5975640E+00
EXPONENTS  1.3058301E+00 4.0585102E-01 1.5614552E-01 6.7814104E-02 3.1084166E-02
MO  1                     OCC NO =   2.00000000 ORB. ENERGY =  -2.36586655
  2.13405774E-01  3.22097420E-01  4.23049719E-01  4.17373870E-01  2.30764872E-01
  3.71261542E-02 -5.63902806E-04 -5.93328963E-04 -1.77567293E-04  6.42489838E-04
  8.17432415E-04  1.84183592E-04  0.00000000E+00  0.00000000E+00  0.00000000E+00
  0.00000000E+00  0.00000000E+00  0.00000000E+00  0.00000000E+00  0.00000000E+00
  0.00000000E+00  0.00000000E+00  0.00000000E+00  0.00000000E+00 -9.78074985E-05
 -1.29405224E-04 -1.38592455E-04 -1.00952218E-04 -3.62582016E-05 -3.26603044E-06
  2.13405774E-01  3.22097420E-01  4.23049719E-01  4.17373870E-01  2.30764872E-01
  3.71261542E-02 -5.63902806E-04 -5.93328963E-04 -1.77567293E-04  6.42489838E-04
  8.17432415E-04  1.84183592E-04  0.00000000E+00  0.00000000E+00  0.00000000E+00
  0.00000000E+00  0.00000000E+00  0.00000000E+00  0.00000000E+00  0.00000000E+00
  0.00000000E+00  0.00000000E+00  0.00000000E+00  0.00000000E+00  9.78074985E-05
  1.29405224E-04  1.38592455E-04  1.00952218E-04  3.62582016E-05  3.26603044E-06
MO  2                     OCC NO =   2.00000000 ORB. ENERGY =  -2.36580218
  2.13309554E-01  3.21952194E-01  4.22858975E-01  4.17185685E-01  2.30660825E-01
  3.71094148E-02 -1.07942767E-03 -1.13575548E-03 -3.39900862E-04  1.22985966E-03
  1.56473626E-03  3.52565839E-04  0.00000000E+00  0.00000000E+00  0.00000000E+00
  0.00000000E+00  0.00000000E+00  0.00000000E+00  0.00000000E+00  0.00000000E+00
  0.00000000E+00  0.00000000E+00  0.00000000E+00  0.00000000E+00  3.51654886E-04
  4.65260639E-04  4.98292203E-04  3.62961342E-04  1.30361925E-04  1.17426126E-05
 -2.13309554E-01 -3.21952194E-01 -4.22858975E-01 -4.17185685E-01 -2.30660825E-01
 -3.71094148E-02  1.07942767E-03  1.13575548E-03  3.39900862E-04 -1.22985966E-03
 -1.56473626E-03 -3.52565839E-04  0.00000000E+00  0.00000000E+00  0.00000000E+00
  0.00000000E+00  0.00000000E+00  0.00000000E+00  0.00000000E+00  0.00000000E+00
  0.00000000E+00  0.00000000E+00  0.00000000E+00  0.00000000E+00  3.51654886E-04
  4.65260639E-04  4.98292203E-04  3.62961342E-04  1.30361925E-04  1.17426126E-05
MO  3                     OCC NO =   1.82369792 ORB. ENERGY =  -0.14905364
 -5.79829030E-02 -8.75147054E-02 -1.14943707E-01 -1.13401564E-01 -6.26994148E-02
 -1.00872725E-02 -2.23899273E-02 -2.35583015E-02 -7.05036174E-03  2.55102485E-02
  3.24563952E-02  7.31306384E-03  0.00000000E+00  0.00000000E+00  0.00000000E+00
  0.00000000E+00  0.00000000E+00  0.00000000E+00  0.00000000E+00  0.00000000E+00
  0.00000000E+00  0.00000000E+00  0.00000000E+00  0.00000000E+00  4.41682672E-03
  5.84372833E-03  6.25860866E-03  4.55883714E-03  1.63736110E-03  1.47488595E-04
 -5.79829030E-02 -8.75147054E-02 -1.14943707E-01 -1.13401564E-01 -6.26994148E-02
 -1.00872725E-02 -2.23899273E-02 -2.35583015E-02 -7.05036174E-03  2.55102485E-02
  3.24563952E-02  7.31306384E-03  0.00000000E+00  0.00000000E+00  0.00000000E+00
  0.00000000E+00  0.00000000E+00  0.00000000E+00  0.00000000E+00  0.00000000E+00
  0.00000000E+00  0.00000000E+00  0.00000000E+00  0.00000000E+00 -4.41682672E-03
 -5.84372833E-03 -6.25860866E-03 -4.55883714E-03 -1.63736110E-03 -1.47488595E-04
MO  4                     OCC NO =   0.05430875 ORB. ENERGY =   0.08605352
  0.00000000E+00  0.00000000E+00  0.00000000E+00  0.00000000E+00  0.00000000E+00
  0.00000000E+00  0.00000000E+00  0.00000000E+00  0.00000000E+00  0.00000000E+00
  0.00000000E+00  0.00000000E+00  3.02238884E-02  3.99880285E-02  4.28270117E-02
  3.11956509E-02  1.12042927E-02  1.00924920E-03  1.83022166E-02  2.42149372E-02
  2.59340967E-02  1.88906719E-02  6.78481168E-03  6.11155560E-04  0.00000000E+00
  0.00000000E+00  0.00000000E+00  0.00000000E+00  0.00000000E+00  0.00000000E+00
  0.00000000E+00  0.00000000E+00  0.00000000E+00  0.00000000E+00  0.00000000E+00
  0.00000000E+00  0.00000000E+00  0.00000000E+00  0.00000000E+00  0.00000000E+00
  0.00000000E+00  0.00000000E+00  3.02238884E-02  3.99880285E-02  4.28270117E-02
  3.11956509E-02  1.12042927E-02  1.00924920E-03  1.83022166E-02  2.42149372E-02
  2.59340967E-02  1.88906719E-02  6.78481168E-03  6.11155560E-04  0.00000000E+00
  0.00000000E+00  0.00000000E+00  0.00000000E+00  0.00000000E+00  0.00000000E+00
MO  5                     OCC NO =   0.05430875 ORB. ENERGY =   0.13277618
  0.00000000E+00  0.00000000E+00  0.00000000E+00  0.00000000E+00  0.00000000E+00
  0.00000000E+00  0.00000000E+00  0.00000000E+00  0.00000000E+00  0.00000000E+00
  0.00000000E+00  0.00000000E+00 -1.83022166E-02 -2.42149372E-02 -2.59340967E-02
 -1.88906719E-02 -6.78481168E-03 -6.11155560E-04  3.02238884E-02  3.99880285E-02
  4.28270117E-02  3.11956509E-02  1.12042927E-02  1.00924920E-03  0.00000000E+00
  0.00000000E+00  0.00000000E+00  0.00000000E+00  0.00000000E+00  0.00000000E+00
  0.00000000E+00  0.00000000E+00  0.00000000E+00  0.00000000E+00  0.00000000E+00
  0.00000000E+00  0.00000000E+00  0.00000000E+00  0.00000000E+00  0.00000000E+00
  0.00000000E+00  0.00000000E+00 -1.83022166E-02 -2.42149372E-02 -2.59340967E-02
 -1.88906719E-02 -6.78481168E-03 -6.11155560E-04  3.02238884E-02  3.99880285E-02
  4.28270117E-02  3.11956509E-02  1.12042927E-02  1.00924920E-03  0.00000000E+00
  0.00000000E+00  0.00000000E+00  0.00000000E+00  0.00000000E+00  0.00000000E+00
MO  6                     OCC NO =   0.04841960 ORB. ENERGY =   0.13277618
  6.11422547E-02  9.22831754E-02  1.21206719E-01  1.19580548E-01  6.61157582E-02
  1.06369042E-02  4.26798645E-02  4.49070292E-02  1.34394579E-02 -4.86278467E-02
 -6.18686489E-02 -1.39402228E-02  0.00000000E+00  0.00000000E+00  0.00000000E+00
  0.00000000E+00  0.00000000E+00  0.00000000E+00  0.00000000E+00  0.00000000E+00
  0.00000000E+00  0.00000000E+00  0.00000000E+00  0.00000000E+00 -7.89882515E-03
 -1.04506224E-02 -1.11925730E-02 -8.15278925E-03 -2.92817217E-03 -2.63760998E-04
 -6.11422547E-02 -9.22831754E-02 -1.21206719E-01 -1.19580548E-01 -6.61157582E-02
 -1.06369042E-02 -4.26798645E-02 -4.49070292E-02 -1.34394579E-02  4.86278467E-02
  6.18686489E-02  1.39402228E-02  0.00000000E+00  0.00000000E+00  0.00000000E+00
  0.00000000E+00  0.00000000E+00  0.00000000E+00  0.00000000E+00  0.00000000E+00
  0.00000000E+00  0.00000000E+00  0.00000000E+00  0.00000000E+00 -7.89882515E-03
 -1.04506224E-02 -1.11925730E-02 -8.15278925E-03 -2.92817217E-03 -2.63760998E-04
MO  7                     OCC NO =   0.01919060 ORB. ENERGY =   0.15664333
  6.54071346E-03  9.87202404E-03  1.29661299E-02  1.27921697E-02  7.07275569E-03
  1.13788644E-03  1.04346155E-02  1.09791254E-02  3.28575495E-03 -1.18888120E-02
 -1.51259985E-02 -3.40818479E-03  0.00000000E+00  0.00000000E+00  0.00000000E+00
  0.00000000E+00  0.00000000E+00  0.00000000E+00  0.00000000E+00  0.00000000E+00
  0.00000000E+00  0.00000000E+00  0.00000000E+00  0.00000000E+00  3.65600522E-02
  4.83711557E-02  5.18053059E-02  3.77355360E-02  1.35531709E-02  1.22082913E-03
  6.54071346E-03  9.87202404E-03  1.29661299E-02  1.27921697E-02  7.07275569E-03
  1.13788644E-03  1.04346155E-02  1.09791254E-02  3.28575495E-03 -1.18888120E-02
 -1.51259985E-02 -3.40818479E-03  0.00000000E+00  0.00000000E+00  0.00000000E+00
  0.00000000E+00  0.00000000E+00  0.00000000E+00  0.00000000E+00  0.00000000E+00
  0.00000000E+00  0.00000000E+00  0.00000000E+00  0.00000000E+00 -3.65600522E-02
 -4.83711557E-02 -5.18053059E-02 -3.77355360E-02 -1.35531709E-02 -1.22082913E-03
MO  8                     OCC NO =   0.00007183 ORB. ENERGY =   0.23978027
 -1.59372789E-02 -2.40544401E-02 -3.15936219E-02 -3.11697458E-02 -1.72336673E-02
 -2.77260479E-03 -3.61621121E-02 -3.80491606E-02 -1.13870835E-02  4.12017625E-02
  5.24205276E-02  1.18113753E-02  0.00000000E+00  0.00000000E+00  0.00000000E+00
  0.00000000E+00  0.00000000E+00  0.00000000E+00  0.00000000E+00  0.00000000E+00
  0.00000000E+00  0.00000000E+00  0.00000000E+00  0.00000000E+00  7.07449105E-02
  9.35997864E-02  1.00244981E-01  7.30195105E-02  2.62258341E-02  2.36234476E-03
  1.59372789E-02  2.40544401E-02  3.15936219E-02  3.11697458E-02  1.72336673E-02
  2.77260479E-03  3.61621121E-02  3.80491606E-02  1.13870835E-02 -4.12017625E-02
 -5.24205276E-02 -1.18113753E-02  0.00000000E+00  0.00000000E+00  0.00000000E+00
  0.00000000E+00  0.00000000E+00  0.00000000E+00  0.00000000E+00  0.00000000E+00
  0.00000000E+00  0.00000000E+00  0.00000000E+00  0.00000000E+00  7.07449105E-02
  9.35997864E-02  1.00244981E-01  7.30195105E-02  2.62258341E-02  2.36234476E-03
MO  9                     OCC NO =   0.00000127 ORB. ENERGY =   0.23978027
  0.00000000E+00  0.00000000E+00  0.00000000E+00  0.00000000E+00  0.00000000E+00
  0.00000000E+00  0.00000000E+00  0.00000000E+00  0.00000000E+00  0.00000000E+00
  0.00000000E+00  0.00000000E+00  4.10890380E-03  5.43632772E-03  5.82228431E-03
  4.24101384E-03  1.52321105E-03  1.37206299E-04 -4.72414006E-02 -6.25032243E-02
 -6.69406924E-02 -4.87603126E-02 -1.75128518E-02 -1.57750535E-03  0.00000000E+00
  0.00000000E+00  0.00000000E+00  0.00000000E+00  0.00000000E+00  0.00000000E+00
  0.00000000E+00  0.00000000E+00  0.00000000E+00  0.00000000E+00  0.00000000E+00
  0.00000000E+00  0.00000000E+00  0.00000000E+00  0.00000000E+00  0.00000000E+00
  0.00000000E+00  0.00000000E+00 -4.10890380E-03 -5.43632772E-03 -5.82228431E-03
 -4.24101384E-03 -1.52321105E-03 -1.37206299E-04  4.72414006E-02  6.25032243E-02
  6.69406924E-02  4.87603126E-02  1.75128518E-02  1.57750535E-03  0.00000000E+00
  0.00000000E+00  0.00000000E+00  0.00000000E+00  0.00000000E+00  0.00000000E+00
MO 10                     OCC NO =   0.00000127 ORB. ENERGY =   0.47399457
  0.00000000E+00  0.00000000E+00  0.00000000E+00  0.00000000E+00  0.00000000E+00
  0.00000000E+00  0.00000000E+00  0.00000000E+00  0.00000000E+00  0.00000000E+00
  0.00000000E+00  0.00000000E+00  4.72414006E-02  6.25032243E-02  6.69406924E-02
  4.87603126E-02  1.75128518E-02  1.57750535E-03  4.10890380E-03  5.43632772E-03
  5.82228431E-03  4.24101384E-03  1.52321105E-03  1.37206299E-04  0.00000000E+00
  0.00000000E+00  0.00000000E+00  0.00000000E+00  0.00000000E+00  0.00000000E+00
  0.00000000E+00  0.00000000E+00  0.00000000E+00  0.00000000E+00  0.00000000E+00
  0.00000000E+00  0.00000000E+00  0.00000000E+00  0.00000000E+00  0.00000000E+00
  0.00000000E+00  0.00000000E+00 -4.72414006E-02 -6.25032243E-02 -6.69406924E-02
 -4.87603126E-02 -1.75128518E-02 -1.57750535E-03 -4.10890380E-03 -5.43632772E-03
 -5.82228431E-03 -4.24101384E-03 -1.52321105E-03 -1.37206299E-04  0.00000000E+00
  0.00000000E+00  0.00000000E+00  0.00000000E+00  0.00000000E+00  0.00000000E+00
END DATA
ALDET    ENERGY =      -14.8368248814   VIRIAL(-V/T)  =   1.98451700
----- END OF INPUT FILE FOR BADER'S AIMPAC PROGRAM -----
